codigo	producto	valor_ventas	ventas_pct	unidades_vendidas	unidades_ventas_pct	unidades_vendidas_sem_prom
FRU0046	Tomate Chonto 	531550	0,054615528	355	0,075339559	8
VER0035	Pepino Cohombro 	207550	0,021325281	223	0,047325976	5
VER0016	Champiñón 	1505800	0,154717454	204	0,043293718	4
VER0028	Lechuga Crespa 	271300	0,027875445	174	0,036926995	4
VER0010	Zucchini Verde 	218500	0,022450368	164	0,034804754	3
VER0038	Pimentón Rojo 	266750	0,027407943	161	0,034168081	3
FRU0024	Limón Tahití 	199200	0,020467338	158	0,033531409	3
VER0013	Cebolla Cabezona Roja 	217800	0,022378444	143	0,030348048	3
VER0007	Berenjena 	185600	0,019069969	129	0,02737691	3
TUB0012	Zanahoria 	114850	0,011800571	107	0,02270798	2
VER0037	Perejil Liso 	99500	0,010223394	105	0,022283531	2
FRU0016	Fresa Pareja 	191200	0,019645356	104	0,022071307	2
FRU0008	Banano Criollo 	113200	0,011631037	95	0,02016129	2
FRU0033	Mora Castilla 	187450	0,019260052	91	0,019312394	2
VER0014	Cebolla Larga 	109300	0,011230321	86	0,018251273	2
VER0012	Cebolla Cabezona Blanca 	125540	0,012898944	85	0,018039049	2
FRU0042	Piña Golden Sweet 	292980	0,030103015	83	0,017614601	2
VER0020	Espinaca 	139700	0,014353851	80	0,016977929	2
VER0017	Cilantro 	39380	0,004046204	75	0,015916808	2
VER0049	Yerbabuena 	41060	0,00421882	73	0,01549236	2
FRU0003	Aguacate Papelillo 	180300	0,018525406	72	0,015280136	2
FRU0028	Mango Tommy Atkins 	115420	0,011859137	69	0,014643463	1
FRU0048	Tomate Larga Vida 	100100	0,010285043	67	0,014219015	1
VER0005	Apio 	86000	0,0088363	67	0,014219015	1
VER0009	Brócoli 	125540	0,012898944	67	0,014219015	1
VER0051	Perejil Crespo 	365900	0,037595376	61	0,012945671	1
VER0050	Rúgula 	185300	0,019039145	59	0,012521222	1
VER0052	Plátano Maduro 	64200	0,006596401	57	0,012096774	1
TUB0001	Arracacha 	66700	0,00685327	55	0,011672326	1
TUB0008	Papa Sabanera 	57860	0,005944981	49	0,010398981	1
TUB0005	Papa Criolla 	65940	0,006775182	48	0,010186757	1
VER0006	Ahuyama 	29700	0,003051606	47	0,009974533	1
FRU0032	Melón 	207700	0,021340693	43	0,009125637	1
TUB0006	Papa Pastusa 	31480	0,003234497	41	0,008701188	1
FRU0045	Tomate Cherry 	147600	0,015165557	39	0,00827674	1
FRU0034	Naranja Sweety 	26490	0,002721786	39	0,00827674	1
FRU0025	Lulo 	72400	0,007438932	38	0,008064516	1
VER0003	Albahaca 	24500	0,002517318	35	0,007427844	1
FRU0031	Maracuyá 	66750	0,006858408	35	0,007427844	1
TUB0010	Remolacha 	26800	0,002753638	34	0,00721562	1
VER0043	Repollo Morado 	66400	0,006822446	34	0,00721562	1
FRU0030	Manzana Verde 	38240	0,003929071	32	0,006791171	1
FRU0022	Kiwi 	157300	0,01616221	31	0,006578947	1
FRU0037	Papaya Melona 	118800	0,012206424	31	0,006578947	1
FRU0002	Aguacate Haas 	68000	0,006986842	30	0,006366723	1
GRA0006	Mazorca Desgranada 	94500	0,009709656	29	0,006154499	1
VER0024	Habichuela 	46760	0,004804481	29	0,006154499	1
FRU0040	Pera Importada 	37220	0,003824269	26	0,005517827	1
GRA0001	Arveja Desgranada 	128920	0,013246231	25	0,005305603	1
TUB0009	Rábano Rojo 	46300	0,004757218	24	0,005093379	1
VER0033	Mazorca en Vaina 	34700	0,003565344	24	0,005093379	1
FRU0017	Granadilla 	32860	0,003376289	24	0,005093379	1
TUB0004	Jengibre 	19300	0,00198303	23	0,004881154	0
FRU0029	Manzana Roja 	26960	0,002770077	23	0,004881154	0
FRU0039	Patilla Baby 	99600	0,010233669	22	0,00466893	0
VER0018	Coliflor 	35540	0,003651652	21	0,004456706	0
FRU0015	Feijoa 	63100	0,006483379	21	0,004456706	0
FRU0057	Fresa Jumbo 	63000	0,006473104	21	0,004456706	0
FRU0014	Durazno 	62600	0,006432005	20	0,004244482	0
VER0041	Puerro 	32000	0,003287926	20	0,004244482	0
FRU0054	Fresa Grande 	46700	0,004798317	20	0,004244482	0
VER0040	Plátano Verde 	24300	0,002496769	19	0,004032258	0
TUB0011	Yuca 	21780	0,002237844	19	0,004032258	0
FRU0023	Limón Común 	23800	0,002445395	18	0,003820034	0
VER0002	Ajo Importado 	116600	0,011980379	18	0,003820034	0
FRU0013	Curuba 	34930	0,003588976	17	0,00360781	0
FRU0036	Papaya Hawaiana 	33600	0,003452322	16	0,003395586	0
FRU0038	Patilla 	135700	0,01394286	15	0,003183362	0
FRU0018	Guanabana 	36700	0,00377084	15	0,003183362	0
VER0027	Lechuga Batavia 	16950	0,001741573	14	0,002971138	0
FRU0010	Carambolo 	45300	0,00465447	13	0,002758913	0
FRU0027	Mango Azúcar 	21800	0,002239899	13	0,002758913	0
FRU0019	Guayaba 	20080	0,002063173	13	0,002758913	0
FRU0049	Uchuva 	35100	0,003606444	12	0,002546689	0
VER0004	Alcachofa 	39000	0,004007159	12	0,002546689	0
FRU0020	Guayaba Pera 	12200	0,001253522	11	0,002334465	0
FRU0007	Banano Bocadillo 	22160	0,002276889	11	0,002334465	0
VER0030	Lechuga Morada 	24500	0,002517318	11	0,002334465	0
FRU0051	Uva Isabella 	19700	0,002024129	10	0,002122241	0
FRU0001	Agraz 	93100	0,009565809	10	0,002122241	0
VER0015	Cebollín 	31100	0,003195453	10	0,002122241	0
FRU0012	Ciruela 	17200	0,00176726	9	0,001910017	0
FRU0050	Uva 	28950	0,002974545	9	0,001910017	0
FRU0047	Tomate de Árbol 	13200	0,001356269	9	0,001910017	0
VER0029	Lechuga Lisa 	16300	0,001674787	9	0,001910017	0
VER0031	Lechuga Romana 	17500	0,001798084	9	0,001910017	0
FRU0043	Pitaya 	62000	0,006370356	9	0,001910017	0
FRU0005	Ají Jalapeño 	34400	0,00353452	9	0,001910017	0
VER0001	Acelga 	6280	0,000645255	9	0,001910017	0
TUB0007	Papa R12 	7040	0,000723344	8	0,001697793	0
FRU0035	Naranja Tangelo 	13200	0,001356269	8	0,001697793	0
VER0008	Berro 	4500	0,000462365	8	0,001697793	0
VER0042	Repollo Blanco 	6300	0,00064731	7	0,001485569	0
VER0019	Esparrago 	82800	0,008507508	7	0,001485569	0
VER0047	Tomillo 	4800	0,000493189	6	0,001273345	0
VER0022	Guasca 	1800	0,000184946	6	0,001273345	0
VER0054	Calabacín 	3000	0,000308243	5	0,001061121	0
FRU0026	Mandarina Arrayana 	6050	0,000621623	5	0,001061121	0
TUB0013	Zanahoria Baby 	31200	0,003205728	5	0,001061121	0
VER0026	Laurel 	4000	0,000410991	5	0,001061121	0
VER0039	Pimentón Verde 	7700	0,000791157	5	0,001061121	0
VER0044	Romero 	2950	0,000303106	4	0,000848896	0
FRU0009	Breva 	17600	0,001808359	4	0,000848896	0
TUB0014	Yacón 	6000	0,000616486	4	0,000848896	0
FRU0006	Ají Rocoto 	9100	0,000935004	3	0,000636672	0
VER0053	Ajo Nacional 	17700	0,001818634	3	0,000636672	0
FRU0055	Mandarina Oneco 	3000	0,000308243	3	0,000636672	0
FRU0041	Piña Cayena Lisa 	3200	0,000328793	3	0,000636672	0
GRA0004	Haba Desgranada 	4700	0,000482914	2	0,000424448	0
FRU0021	Higo 	6400	0,000657585	2	0,000424448	0
FRU0056	Pera Nacional 	3000	0,000308243	2	0,000424448	0
FRU0004	Ají Chirca	36000	0,003698916	2	0,000424448	0
TUB0003	Cubio 	800	8,21981E-05	1	0,000212224	0
GRA0011	Lenteja	3000	0,000308243	1	0,000212224	0
TUB0015	Arracacha	2500	0,000256869	1	0,000212224	0
VER0112	Toronjil	2500	0,000256869	1	0,000212224	0
FRU0052	Zapote	2400	0,000246594	1	0,000212224	0
FRU0053	Manzana Nacional 	2000	0,000205495	1	0,000212224	0
VER050	Zucchini Amarillo 	1500	0,000154122	1	0,000212224	0
VER0036	Pepino Europeo 	4000	0,000410991	1	0,000212224	0
FRU0011	Chontaduro	3920	0,000402771	1	0,000212224	0